0
0
0
2
0
0
4
2
6
0
8
6
4
4
0
10
12
6
3
10
18
8
10
18
15
4
24
18
13
0
28
26
30
12
25
6
21
22
30
10
36
18
19
30
15
10
20
42
18
40
12
30
34
24
30
18
3
42
27
30
43
28
60
58
30
30
60
46
33
60
35
42
27
58
15
22
74
30
7
10
24
36
63
18
80
62
42
74
59
60
4
10
90
20
60
90
50
18
96
90
81
12
75
82
60
34
12
78
55
30
21
74
27
60
10
42
69
86
46
90
63
104
36
90
40
60
99
122
105
30
11
30
60
60
105
114
114
102
40
130
114
106
30
42
100
100
18
58
61
90
133
98
114
74
90
30
136
86
87
90
102
24
135
118
30
146
129
18
69
80
60
62
10
42
165
74
27
148
64
150
101
4
165
10
95
90
63
114
186
60
114
186
138
50
30
18
175
96
188
90
